art 0.7781512503836436 3 1
bostock 0.7781512503836436 1 1
build 0.7781512503836436 2 1
character 0.7781512503836436 2 1
cool 0.7781512503836436 1 1
d3js 0.7781512503836436 1 1
document 0.3010299956639812 1 2
document 0.3010299956639812 2 1
document 0.3010299956639812 3 1
fine 0.7781512503836436 3 1
flaw 0.7781512503836436 2 1
forgetting 0.7781512503836436 3 1
hear 0.7781512503836436 3 1
heard 0.7781512503836436 3 1
human 0.7781512503836436 2 1
kurt 0.7781512503836436 2 1
laurence 0.7781512503836436 3 1
made 0.7781512503836436 1 1
maintenance 0.7781512503836436 2 1
mike 0.7781512503836436 1 1
originality 0.7781512503836436 3 1
peter 0.7781512503836436 3 1
remembering 0.7781512503836436 3 1
vonnegut 0.7781512503836436 2 1
